282 39 10 40
267 40 10 40
256 41 10 40
264 40 10 40
276 40 10 40
292 40 10 40
295 40 10 40
383 41 10 40
403 58 15 40
401 734 15 15
48 759 40 10
40 751 40 10
38 761 40 10
37 741 40 10
37 741 40 10
37 748 40 10
37 739 40 10
37 729 40 10
38 741 40 10
39 744 40 10
43 760 40 10
48 760 40 10
58 762 40 15
229 770 40 15
377 740 15 15
365 712 15 15
333 251 15 40
260 41 10 40
280 39 10 40
156 39 10 40
135 41 10 40
186 42 10 40
222 46 10 40
246 243 40 10
276 624 40 15
266 748 40 15
273 734 40 15
323 404 15 15
289 44 10 40
225 38 10 40
213 38 10 40
246 39 10 40
245 39 10 40
277 39 10 40
258 43 10 40
265 292 40 10
312 712 15 15
196 801 40 15
200 799 40 15
158 767 40 15
176 277 40 10
204 42 10 40
130 42 10 40
86 42 10 40
165 42 10 40
128 42 10 40
78 40 10 40
97 39 10 40
134 38 10 40
178 37 10 40
166 38 10 40
211 45 10 40
202 347 40 15
172 643 40 15
148 753 40 15
150 799 40 15
152 576 40 15
238 48 10 40
116 40 10 40
120 41 10 40
167 39 10 40
183 40 10 40
175 41 10 40
291 40 10 40
283 44 10 40
274 240 40 10
302 653 15 15
253 759 40 15
253 724 40 15
224 556 40 15
256 81 40 10
208 41 10 40
166 41 10 40
153 40 10 40
236 39 10 40
200 40 10 40
238 40 10 40
235 39 10 40
245 39 10 40
264 39 10 40
323 41 10 40
268 50 10 40
300 262 10 40
298 470 40 15
284 700 40 15
278 747 40 15
242 739 40 15
402 436 15 15
230 43 10 40
268 38 10 40
191 39 10 40
288 38 10 40
220 39 10 40
274 40 10 40
306 50 10 40
288 316 40 15
334 556 15 15
298 733 40 15
285 740 40 15
288 611 40 15
265 111 40 10
297 40 10 40
252 40 10 40
216 41 10 40
219 38 10 40
181 38 10 40
209 38 10 40
228 40 10 40
254 42 10 40
320 43 10 40
308 65 15 40
278 385 40 15
284 604 40 15
238 749 40 15
233 698 40 15
289 350 40 15
324 45 10 40
247 41 10 40
231 40 10 40
164 40 10 40
182 39 10 40
283 41 10 40
320 185 15 40
260 629 40 15
233 761 40 15
247 746 40 15
213 731 40 15
198 730 40 15
265 391 40 15
193 41 10 40
259 40 10 40
220 40 10 40
216 40 10 40
179 40 10 40
156 40 10 40
234 46 10 40
249 429 40 15
229 751 40 15
164 819 40 15
218 815 40 15
258 761 40 15
234 530 40 15
220 50 10 40
260 40 10 40
178 38 10 40
226 37 10 40
210 37 10 40
258 39 10 40
219 163 40 10
242 633 40 15
279 768 40 15
288 761 40 15
344 447 15 15
205 45 10 40
271 39 10 40
269 38 10 40
255 39 10 40
310 39 10 40
330 46 10 40
348 262 15 40
338 574 15 15
310 721 15 15
290 737 40 15
306 755 15 15
273 727 40 15
286 672 40 15
329 260 15 40
248 43 10 40
211 40 10 40
196 40 10 40
225 39 10 40
351 41 10 40
277 77 40 10
258 549 40 15
292 693 40 15
336 585 15 15
304 183 15 40
247 43 10 40
249 41 10 40
242 41 10 40
310 43 10 40
256 73 40 10
325 470 15 15
277 708 40 15
253 685 40 15
337 437 15 15
261 60 40 10
284 43 10 40
229 41 10 40
225 41 10 40
357 40 10 40
265 39 10 40
299 39 10 40
365 42 10 40
330 92 15 40
310 336 15 15
328 529 15 15
378 605 15 15
388 561 15 15
382 381 15 15
373 264 15 40
333 146 15 40
390 201 15 40
387 295 15 40
350 315 15 15
387 347 15 15
349 330 15 15
326 366 15 15
348 358 15 15
386 346 15 15
297 283 40 10
363 261 15 40
385 165 15 40
350 82 15 40
314 48 10 40
368 47 10 40
315 51 15 40
336 144 15 40
315 317 15 15
320 426 15 15
363 449 15 15
300 370 0 0
363 336 15 15
316 175 15 40
265 114 40 10
294 161 40 10
372 134 15 40
307 44 10 40
246 39 10 40
273 39 10 40
328 42 10 40
272 111 40 10
295 557 40 15
354 653 15 15
234 558 40 15
257 237 40 10
307 43 10 40
261 39 10 40
242 40 10 40
281 39 10 40
253 39 10 40
274 39 10 40
296 41 10 40
290 146 40 10
263 565 40 15
268 640 40 15
282 458 40 15
308 50 10 40
245 38 10 40
206 37 10 40
256 37 10 40
226 38 10 40
268 45 10 40
267 348 40 15
300 724 0 0
262 735 40 15
218 765 40 15
283 738 40 15
223 409 40 15
218 42 10 40
163 38 10 40
144 38 10 40
236 37 10 40
189 37 10 40
208 36 10 40
268 37 10 40
265 40 10 40
256 68 40 10
269 416 40 15
252 556 40 15
262 406 40 15
300 46 10 40
225 38 10 40
186 37 10 40
202 37 10 40
232 39 10 40
255 40 10 40
287 45 10 40
326 204 15 40
315 495 15 15
276 702 40 15
225 729 40 15
293 719 40 15
320 626 15 15
362 127 15 40
271 40 10 40
287 38 10 40
160 39 10 40
284 41 10 40
251 89 40 10
309 667 15 15
243 726 40 15
264 818 40 15
292 482 40 15
333 48 10 40
281 42 10 40
231 42 10 40
219 42 10 40
160 41 10 40
167 39 10 40
205 43 10 40
271 359 40 15
292 691 40 15
293 591 40 15
259 530 40 15
269 377 40 15
308 49 10 40
247 40 10 40
172 39 10 40
191 38 10 40
229 37 10 40
252 44 10 40
276 465 40 15
248 720 40 15
180 783 40 15
163 780 40 15
201 711 40 15
161 250 40 10
157 40 10 40
146 39 10 40
157 40 10 40
152 39 10 40
172 39 10 40
189 39 10 40
206 40 10 40
197 50 10 40
246 330 40 15
286 601 40 15
223 748 40 15
197 825 40 15
245 717 40 15
314 189 15 40
266 39 10 40
221 37 10 40
224 37 10 40
303 37 10 40
272 39 10 40
328 136 15 40
287 649 40 15
354 709 15 15
386 701 15 15
386 704 15 15
329 715 15 15
291 688 40 15
345 650 15 15
343 498 15 15
308 336 15 15
357 265 15 40
338 189 15 40
387 255 15 40
368 411 15 15
395 458 15 15
396 512 15 15
392 458 15 15
335 409 15 15
343 383 15 15
407 370 15 15
417 354 15 15
420 297 15 40
445 267 15 40
402 334 15 15
381 461 15 15
363 415 15 15
378 460 15 15
332 396 15 15
362 378 15 15
365 331 15 15
360 300 0 0
378 236 15 40
294 257 40 10
339 273 15 40
379 165 15 40
360 62 15 40
410 49 10 40
378 47 10 40
352 69 15 40
380 238 15 40
359 405 15 15
359 564 15 15
331 599 15 15
329 546 15 15
342 443 15 15
325 309 15 15
353 259 15 40
323 227 15 40
323 313 15 15
363 452 15 15
313 400 15 15
348 357 15 15
333 328 15 15
291 276 40 10
304 240 15 40
304 55 15 40
245 44 10 40
212 42 10 40
269 44 10 40
307 51 15 40
278 333 40 15
289 656 40 15
287 720 40 15
302 678 15 15
279 351 40 15
262 85 40 10
246 41 10 40
187 39 10 40
144 39 10 40
152 38 10 40
190 38 10 40
253 38 10 40
254 46 10 40
279 246 40 10
224 733 40 15
160 751 40 15
283 738 40 15
244 534 40 15
262 63 40 10
229 39 10 40
133 39 10 40
143 39 10 40
165 38 10 40
166 38 10 40
250 40 10 40
178 41 10 40
218 141 40 10
251 574 40 15
246 777 40 15
252 748 40 15
219 239 40 10
221 41 10 40
151 40 10 40
119 39 10 40
156 38 10 40
104 40 10 40
171 38 10 40
162 39 10 40
181 40 10 40
228 47 10 40
197 423 40 15
207 769 40 15
204 841 40 15
204 851 40 15
205 783 40 15
166 388 40 15
156 46 10 40
112 45 10 40
121 45 10 40
169 42 10 40
117 48 10 40
209 649 40 15
172 829 40 15
109 870 40 15
108 845 40 15
166 789 40 15
219 795 40 15
221 799 40 15
171 603 40 15
228 200 40 10
160 47 10 40
147 44 10 40
163 42 10 40
117 39 10 40
185 38 10 40
281 60 40 10
238 739 40 15
184 811 40 15
176 787 40 15
195 794 40 15
214 790 40 15
204 689 40 15
171 440 40 15
191 185 40 10
178 52 40 10
129 45 10 40
104 46 10 40
145 44 10 40
153 44 10 40
143 43 10 40
190 440 40 15
295 789 40 15
161 837 40 15
139 819 40 15
230 761 40 15
210 763 40 15
260 776 40 15
274 776 40 15
249 760 40 15
247 757 40 15
296 761 40 15
278 735 40 15
309 711 15 15
268 731 40 15
264 707 40 15
318 705 15 15
314 693 15 15
327 705 15 15
307 709 15 15
329 720 15 15
311 718 15 15
270 707 40 15
234 720 40 15
205 678 40 15
298 739 40 15
309 707 15 15
310 715 15 15
260 707 40 15
162 710 40 15
115 710 40 15
61 698 40 15
54 685 40 15
115 698 40 15
56 747 40 15
48 693 40 10
48 725 40 10
47 721 40 10
45 713 40 10
48 703 40 10
51 716 40 15
54 713 40 15
63 700 40 15
55 725 40 15
53 721 40 15
46 722 40 10
45 762 40 10
43 755 40 10
42 743 40 10
41 748 40 10
39 753 40 10
41 750 40 10
43 764 40 10
42 783 40 10
48 724 40 10
241 796 40 15
176 772 40 15
216 770 40 15
212 755 40 15
204 754 40 15
204 719 40 15
216 712 40 15
226 734 40 15
277 756 40 15
186 741 40 15
186 747 40 15
189 756 40 15
243 734 40 15
188 752 40 15
107 730 40 15
153 696 40 15
137 671 40 15
177 544 40 15
147 418 40 15
227 309 40 15
181 57 40 10
129 44 10 40
257 42 10 40
164 42 10 40
229 44 10 40
234 529 40 15
245 726 40 15
259 799 40 15
53 749 40 15
58 753 40 15
54 765 40 15
66 737 40 15
51 738 40 15
47 710 40 10
45 750 40 10
53 742 40 15
114 722 40 15
232 728 40 15
256 758 40 15
268 767 40 15
254 744 40 15
248 410 40 15
208 47 10 40
139 40 10 40
156 42 10 40
271 71 40 10
303 654 15 15
244 769 40 15
208 762 40 15
177 771 40 15
234 772 40 15
265 702 40 15
209 718 40 15
359 747 15 15
102 768 40 15
54 793 40 15
53 705 40 15
54 784 40 15
55 751 40 15
49 781 40 10
45 771 40 10
45 786 40 10
50 773 40 10
66 761 40 15
91 873 40 15
179 809 40 15
136 812 40 15
158 812 40 15
137 816 40 15
169 821 40 15
203 841 40 15
128 846 40 15
118 819 40 15
100 832 40 15
94 799 40 15
79 638 40 15
64 261 40 10
141 43 10 40
105 43 10 40
57 43 10 40
166 41 10 40
96 181 40 10
138 854 40 15
107 899 40 15
95 850 40 15
250 828 40 15
58 824 40 15
194 824 40 15
202 838 40 15
111 836 40 15
245 824 40 15
156 819 40 15
158 814 40 15
204 629 40 15
103 410 40 15
86 69 40 10
141 56 40 10
144 49 10 40
103 43 10 40
67 39 10 40
133 38 10 40
135 38 10 40
176 43 10 40
204 734 40 15
221 787 40 15
152 788 40 15
112 779 40 15
114 777 40 15
140 766 40 15
155 767 40 15
212 791 40 15
224 750 40 15
242 777 40 15
261 767 40 15
265 772 40 15
266 735 40 15
290 637 40 15
236 374 40 15
270 125 40 10
272 44 10 40
257 40 10 40
210 41 10 40
255 40 10 40
275 44 10 40
368 548 15 15
343 679 15 15
256 727 40 15
46 713 40 10
40 705 40 10
40 711 40 10
46 703 40 10
67 685 40 15
283 667 40 15
353 712 15 15
406 702 15 15
388 657 15 15
331 536 15 15
426 366 15 15
336 297 15 40
332 329 15 15
389 494 15 15
360 663 15 15
292 640 40 15
374 664 15 15
341 674 15 15
348 654 15 15
307 630 15 15
350 673 15 15
347 698 15 15
295 688 40 15
345 692 15 15
313 718 15 15
264 667 40 15
321 672 15 15
304 730 15 15
316 696 15 15
323 650 15 15
256 708 40 15
268 689 40 15
264 656 40 15
277 687 40 15
277 665 40 15
300 704 0 0
273 710 40 15
246 719 40 15
226 688 40 15
283 479 40 15
260 239 40 10
273 78 40 10
168 41 10 40
175 39 10 40
142 40 10 40
274 39 10 40
285 39 10 40
287 50 10 40
224 526 40 15
277 728 40 15
190 746 40 15
272 739 40 15
222 743 40 15
266 743 40 15
299 732 40 15
278 670 40 15
285 344 40 15
266 151 40 10
182 44 10 40
174 42 10 40
153 40 10 40
278 38 10 40
205 37 10 40
311 45 10 40
317 530 15 15
236 721 40 15
181 750 40 15
149 729 40 15
201 744 40 15
288 745 40 15
202 766 40 15
244 724 40 15
316 730 15 15
268 667 40 15
376 498 15 15
229 347 40 15
183 206 40 10
219 44 10 40
139 41 10 40
173 40 10 40
125 40 10 40
183 39 10 40
181 262 40 10
240 774 40 15
162 822 40 15
158 817 40 15
197 763 40 15
179 766 40 15
299 713 40 15
213 414 40 15
114 54 40 10
206 41 10 40
63 42 10 40
87 42 10 40
158 43 10 40
170 40 10 40
178 43 10 40
270 573 40 15
200 755 40 15
171 798 40 15
166 794 40 15
207 773 40 15
241 775 40 15
240 777 40 15
199 656 40 15
241 351 40 15
253 51 40 10
170 40 10 40
211 39 10 40
237 40 10 40
201 39 10 40
283 38 10 40
234 44 10 40
299 494 40 15
349 736 15 15
270 744 40 15
300 735 0 0
318 783 15 15
282 727 40 15
272 779 40 15
316 742 15 15
308 715 15 15
285 633 40 15
304 451 15 15
327 281 15 40
219 186 40 10
295 189 40 10
264 121 40 10
276 41 10 40
188 40 10 40
180 40 10 40
237 40 10 40
246 39 10 40
266 43 10 40
294 483 40 15
274 745 40 15
351 712 15 15
317 752 15 15
277 754 40 15
304 768 15 15
312 735 15 15
337 763 15 15
300 743 0 0
319 751 15 15
262 739 40 15
278 731 40 15
354 730 15 15
376 721 15 15
375 698 15 15
337 693 15 15
297 688 40 15
325 705 15 15
392 677 15 15
327 700 15 15
326 647 15 15
340 663 15 15
337 653 15 15
287 676 40 15
263 654 40 15
329 683 15 15
320 537 15 15
280 425 40 15
276 343 40 15
271 207 40 10
274 47 10 40
260 40 10 40
145 39 10 40
329 39 10 40
318 40 10 40
324 202 15 40
383 637 15 15
257 765 40 15
283 745 40 15
303 739 15 15
288 704 40 15
239 690 40 15
301 641 15 15
240 411 40 15
207 275 40 10
263 44 10 40
202 39 10 40
239 38 10 40
211 38 10 40
264 38 10 40
280 73 40 10
302 676 15 15
230 743 40 15
128 718 40 15
194 708 40 15
218 712 40 15
265 604 40 15
323 203 15 40
253 44 10 40
197 42 10 40
190 46 10 40
327 87 15 40
206 407 40 15
293 745 40 15
181 757 40 15
267 731 40 15
281 703 40 15
199 421 40 15
219 49 10 40
204 40 10 40
169 39 10 40
161 39 10 40
184 39 10 40
235 45 10 40
235 485 40 15
234 717 40 15
167 786 40 15
234 751 40 15
294 745 40 15
272 732 40 15
192 527 40 15
176 51 40 10
130 39 10 40
81 37 10 40
61 39 10 40
74 40 10 40
122 40 10 40
93 41 10 40
133 41 10 40
132 42 10 40
103 44 10 40
81 49 10 40
127 179 40 10
93 531 40 15
92 712 40 15
152 671 40 15
160 148 40 10
161 43 10 40
82 42 10 40
140 42 10 40
117 42 10 40
138 41 10 40
160 41 10 40
127 41 10 40
190 40 10 40
194 40 10 40
162 39 10 40
134 39 10 40
191 40 10 40
212 41 10 40
218 44 10 40
188 182 40 10
181 585 40 15
204 626 40 15
236 461 40 15
239 51 40 10
212 42 10 40
202 41 10 40
192 42 10 40
170 42 10 40
186 42 10 40
172 42 10 40
180 43 10 40
240 42 10 40
218 42 10 40
235 45 10 40
224 219 40 10
241 506 40 15
170 667 40 15
283 521 40 15
247 88 40 10
211 40 10 40
190 39 10 40
217 38 10 40
156 39 10 40
127 38 10 40
183 38 10 40
212 39 10 40
329 45 10 40
292 247 40 10
360 539 15 15
352 665 15 15
265 657 40 15
311 546 15 15
314 207 15 40
356 49 10 40
323 46 10 40
345 50 10 40
385 133 15 40
342 378 15 15
379 582 15 15
377 672 15 15
335 648 15 15
342 566 15 15
382 400 15 15
317 251 15 40
338 213 15 40
429 331 15 15
386 514 15 15
382 530 15 15
382 493 15 15
344 367 15 15
288 316 40 15
338 267 15 40
321 119 15 40
274 88 40 10
342 147 15 40
337 51 15 40
284 45 10 40
271 45 10 40
296 112 40 10
244 414 40 15
286 534 40 15
217 489 40 15
334 228 15 40
232 45 10 40
255 39 10 40
215 38 10 40
277 43 10 40
237 284 40 10
309 706 15 15
206 720 40 15
252 745 40 15
231 656 40 15
313 249 15 40
230 45 10 40
209 41 10 40
214 41 10 40
199 49 10 40
194 450 40 15
360 772 15 15
160 789 40 15
173 816 40 15
203 774 40 15
235 737 40 15
173 590 40 15
198 128 40 10
185 41 10 40
159 41 10 40
97 41 10 40
78 39 10 40
127 38 10 40
120 38 10 40
177 54 40 10
189 711 40 15
158 795 40 15
195 766 40 15
250 720 40 15
223 441 40 15
278 44 10 40
193 39 10 40
171 40 10 40
205 41 10 40
180 169 40 10
191 787 40 15
166 811 40 15
157 786 40 15
196 774 40 15
220 552 40 15
171 178 40 10
174 44 10 40
237 42 10 40
171 43 10 40
156 43 10 40
193 42 10 40
185 114 40 10
133 720 40 15
135 819 40 15
185 863 40 15
144 824 40 15
98 605 40 15
139 184 40 10
85 43 10 40
129 42 10 40
111 43 10 40
143 44 10 40
225 44 10 40
191 572 40 15
148 808 40 15
117 848 40 15
137 864 40 15
140 847 40 15
104 839 40 15
78 832 40 15
63 712 40 15
76 324 40 15
64 54 40 10
158 46 10 40
59 42 10 40
96 39 10 40
90 39 10 40
112 39 10 40
208 44 10 40
144 584 40 15
113 831 40 15
150 839 40 15
171 837 40 15
239 791 40 15
159 821 40 15
184 801 40 15
177 766 40 15
319 569 15 15
219 163 40 10
168 45 10 40
193 41 10 40
188 41 10 40
211 43 10 40
241 69 40 10
281 708 40 15
189 811 40 15
190 817 40 15
269 790 40 15
241 756 40 15
318 687 15 15
210 390 40 15
286 134 40 10
274 43 10 40
188 40 10 40
206 39 10 40
205 39 10 40
183 44 10 40
313 494 15 15
319 738 15 15
328 719 15 15
287 721 40 15
231 710 40 15
271 685 40 15
305 712 15 15
355 698 15 15
310 681 15 15
316 690 15 15
309 702 15 15
328 717 15 15
254 719 40 15
347 704 15 15
301 704 15 15
319 706 15 15
308 701 15 15
307 705 15 15
311 712 15 15
292 719 40 15
226 732 40 15
251 691 40 15
260 686 40 15
296 693 40 15
262 682 40 15
230 700 40 15
220 676 40 15
246 679 40 15
264 687 40 15
220 712 40 15
279 705 40 15
255 669 40 15
186 733 40 15
216 744 40 15
150 762 40 15
217 782 40 15
259 747 40 15
256 734 40 15
137 734 40 15
204 765 40 15
118 780 40 15
236 783 40 15
193 779 40 15
289 766 40 15
210 756 40 15
112 787 40 15
148 771 40 15
152 750 40 15
51 785 40 15
55 769 40 15
48 785 40 10
48 766 40 10
42 786 40 10
43 784 40 10
41 781 40 10
40 793 40 10
38 798 40 10
37 785 40 10
36 808 40 10
35 799 40 10
35 790 40 10
34 806 40 10
35 774 40 10
34 719 40 10
34 743 40 10
34 747 40 10
34 743 40 10
35 740 40 10
35 718 40 10
35 734 40 10
35 747 40 10
35 756 40 10
35 753 40 10
35 737 40 10
35 766 40 10
36 731 40 10
37 680 40 10
37 682 40 10
35 709 40 10
34 731 40 10
35 752 40 10
36 749 40 10
36 736 40 10
35 724 40 10
35 744 40 10
35 734 40 10
35 716 40 10
35 734 40 10
35 743 40 10
34 745 40 10
35 732 40 10
36 749 40 10
36 762 40 10
36 763 40 10
35 747 40 10
36 744 40 10
36 742 40 10
36 760 40 10
36 751 40 10
36 731 40 10
37 786 40 10
38 735 40 10
39 729 40 10
41 774 40 10
45 770 40 10
52 796 40 15
95 746 40 15
136 773 40 15
131 759 40 15
148 763 40 15
93 758 40 15
198 750 40 15
145 752 40 15
168 766 40 15
126 765 40 15
81 743 40 15
59 781 40 15
54 762 40 15
49 775 40 10
54 752 40 15
60 746 40 15
47 749 40 10
47 743 40 10
45 748 40 10
45 758 40 10
46 764 40 10
44 871 40 10
46 769 40 10
49 807 40 10
54 814 40 15
54 797 40 15
80 810 40 15
86 790 40 15
83 767 40 15
103 770 40 15
109 760 40 15
125 742 40 15
173 742 40 15
254 729 40 15
174 726 40 15
234 744 40 15
211 703 40 15
234 728 40 15
242 733 40 15
230 756 40 15
243 683 40 15
270 720 40 15
187 725 40 15
231 603 40 15
198 403 40 15
198 139 40 10
125 43 10 40
142 39 10 40
162 42 10 40
202 47 10 40
186 509 40 15
167 837 40 15
79 875 40 15
53 825 40 15
50 832 40 10
44 822 40 10
46 828 40 10
84 838 40 15
82 835 40 15
152 838 40 15
61 886 40 15
507 839 15 15
167 839 40 15
114 842 40 15
91 833 40 15
151 823 40 15
127 736 40 15
128 555 40 15
62 391 40 15
184 194 40 10
92 46 10 40
52 42 10 40
74 41 10 40
80 42 10 40
216 64 40 10
116 815 40 15
132 895 40 15
157 890 40 15
155 846 40 15
141 864 40 15
133 828 40 15
48 872 40 10
103 866 40 15
161 867 40 15
131 827 40 15
191 812 40 15
173 659 40 15
193 401 40 15
167 150 40 10
195 45 10 40
187 46 10 40
112 44 10 40
185 43 10 40
191 119 40 10
231 772 40 15
131 836 40 15
224 766 40 15
276 754 40 15
268 768 40 15
238 770 40 15
229 740 40 15
253 761 40 15
314 761 15 15
272 751 40 15
254 753 40 15
286 744 40 15
306 729 15 15
289 616 40 15
288 531 40 15
287 451 40 15
353 235 15 40
340 219 15 40
306 342 15 15
333 429 15 15
265 649 40 15
275 731 40 15
270 730 40 15
278 694 40 15
340 663 15 15
329 483 15 15
312 470 15 15
321 465 15 15
297 540 40 15
307 673 15 15
328 636 15 15
292 630 40 15
268 639 40 15
282 576 40 15
259 399 40 15
273 349 40 15
269 64 40 10
264 41 10 40
242 37 10 40
123 36 10 40
327 38 10 40
212 49 10 40
296 674 40 15
327 777 15 15
48 764 40 10
41 776 40 10
39 777 40 10
43 787 40 10
147 747 40 15
268 759 40 15
268 757 40 15
506 730 15 15
321 723 15 15
381 749 15 15
326 758 15 15
356 766 15 15
355 752 15 15
313 747 15 15
329 721 15 15
305 743 15 15
299 786 40 15
295 763 40 15
295 708 40 15
287 718 40 15
314 708 15 15
289 750 40 15
213 684 40 15
297 580 40 15
283 447 40 15
247 231 40 10
219 47 10 40
314 40 10 40
187 41 10 40
153 44 10 40
302 176 15 40
333 734 15 15
140 784 40 15
42 796 40 10
37 794 40 10
38 800 40 10
44 817 40 10
257 814 40 15
82 761 40 15
184 761 40 15
150 385 40 15
162 47 10 40
124 39 10 40
154 40 10 40
170 40 10 40
161 217 40 10
115 844 40 15
63 882 40 15
151 868 40 15
73 860 40 15
106 866 40 15
155 819 40 15
126 855 40 15
107 829 40 15
125 827 40 15
184 789 40 15
217 601 40 15
198 77 40 10
115 43 10 40
135 43 10 40
135 43 10 40
123 40 10 40
211 39 10 40
192 391 40 15
144 785 40 15
99 841 40 15
50 826 40 10
81 792 40 15
63 845 40 15
117 837 40 15
103 836 40 15
121 728 40 15
187 310 40 15
206 47 10 40
163 43 10 40
56 42 10 40
96 41 10 40
180 48 10 40
177 797 40 15
197 817 40 15
48 882 40 10
43 864 40 10
43 826 40 10
148 800 40 15
255 818 40 15
271 809 40 15
246 727 40 15
231 325 40 15
268 48 10 40
233 41 10 40
206 42 10 40
289 45 10 40
312 244 15 40
320 727 15 15
311 732 15 15
169 727 40 15
50 715 40 10
48 717 40 10
112 721 40 15
343 691 15 15
327 683 15 15
275 705 40 15
301 537 15 15
345 303 15 15
342 197 15 40
268 138 40 10
329 156 15 40
322 113 15 40
346 47 10 40
344 43 10 40
340 43 10 40
319 58 15 40
384 420 15 15
323 662 15 15
309 689 15 15
297 704 40 15
308 715 15 15
312 692 15 15
333 685 15 15
307 696 15 15
246 679 40 15
337 671 15 15
293 545 40 15
277 431 40 15
317 131 15 40
230 43 10 40
261 40 10 40
273 41 10 40
360 64 15 40
244 366 40 15
299 646 40 15
269 693 40 15
282 677 40 15
284 681 40 15
267 290 40 10
248 42 10 40
152 40 10 40
141 40 10 40
160 39 10 40
153 40 10 40
134 42 10 40
155 38 10 40
236 42 10 40
212 128 40 10
239 382 40 15
185 626 40 15
173 301 40 15
168 42 10 40
180 39 10 40
174 39 10 40
164 39 10 40
149 40 10 40
263 40 10 40
215 43 10 40
209 240 40 10
229 697 40 15
173 746 40 15
233 697 40 15
240 408 40 15
170 47 10 40
55 40 10 40
544 40 10 40
176 39 10 40
191 39 10 40
159 41 10 40
173 39 10 40
265 42 10 40
217 122 40 10
158 497 40 15
208 700 40 15
128 558 40 15
169 177 40 10
86 48 10 40
61 48 10 40
125 45 10 40
94 45 10 40
97 43 10 40
56 54 40 10
125 47 10 40
130 53 40 10
54 48 10 40
53 47 10 40
55 47 10 40
55 44 10 40
73 43 10 40
89 42 10 40
71 39 10 40
56 39 10 40
92 39 10 40
65 40 10 40
87 41 10 40
82 41 10 40
66 40 10 40
51 40 10 40
100 42 10 40
74 44 10 40
148 108 40 10
125 262 40 10
113 407 40 15
158 184 40 10
69 50 10 40
82 44 10 40
94 45 10 40
114 42 10 40
66 42 10 40
154 40 10 40
98 43 10 40
56 43 10 40
109 42 10 40
125 45 10 40
116 47 10 40
130 130 40 10
104 263 40 10
131 355 40 15
134 116 40 10
101 43 10 40
126 42 10 40
83 42 10 40
73 41 10 40
61 40 10 40
145 41 10 40
121 39 10 40
130 39 10 40
112 38 10 40
189 38 10 40
191 41 10 40
197 46 10 40
240 66 40 10
184 266 40 10
206 378 40 15
262 188 40 10
210 45 10 40
196 40 10 40
157 40 10 40
196 39 10 40
224 39 10 40
230 39 10 40
169 39 10 40
194 39 10 40
170 38 10 40
233 39 10 40
229 40 10 40
192 44 10 40
229 51 40 10
231 51 40 10
211 49 10 40
203 44 10 40
147 42 10 40
144 40 10 40
102 40 10 40
260 39 10 40
251 38 10 40
247 38 10 40
258 39 10 40
247 44 10 40
287 124 40 10
264 300 40 10
231 366 40 15
199 142 40 10
221 44 10 40
178 43 10 40
179 44 10 40
124 43 10 40
162 41 10 40
182 41 10 40
104 41 10 40
130 41 10 40
193 41 10 40
202 43 10 40
211 48 10 40
220 49 10 40
208 101 40 10
213 222 40 10
204 346 40 15
170 69 40 10
174 41 10 40
93 39 10 40
62 39 10 40
140 38 10 40
144 38 10 40
161 38 10 40
157 39 10 40
157 39 10 40
167 39 10 40
125 40 10 40
106 41 10 40
167 43 10 40
164 51 40 10
131 263 40 10
131 358 40 15
119 112 40 10
152 42 10 40
132 41 10 40
181 39 10 40
178 39 10 40
110 39 10 40
125 39 10 40
121 39 10 40
102 40 10 40
114 40 10 40
126 40 10 40
156 39 10 40
196 39 10 40
212 41 10 40
191 57 40 10
214 368 40 15
215 478 40 15
214 246 40 10
222 40 10 40
218 39 10 40
137 40 10 40
233 40 10 40
189 40 10 40
186 39 10 40
200 39 10 40
219 39 10 40
200 39 10 40
162 40 10 40
200 43 10 40
232 188 40 10
258 484 40 15
222 663 40 15
236 481 40 15
254 46 10 40
181 41 10 40
253 40 10 40
235 39 10 40
210 39 10 40
203 39 10 40
169 39 10 40
230 40 10 40
207 48 10 40
167 326 40 15
256 646 40 15
251 732 40 15
269 754 40 15
310 587 15 15
259 48 10 40
229 39 10 40
265 38 10 40
288 38 10 40
309 41 10 40
307 109 15 40
311 546 15 15
342 622 15 15
300 681 0 0
340 678 15 15
334 676 15 15
319 688 15 15
319 690 15 15
325 670 15 15
335 649 15 15
326 499 15 15
329 326 15 15
330 167 15 40
314 58 15 40
315 46 10 40
355 46 10 40
378 54 15 40
328 93 15 40
357 271 15 40
399 391 15 15
396 472 15 15
360 448 15 15
348 398 15 15
339 266 15 40
346 106 15 40
372 54 15 40
352 49 10 40
302 44 10 40
292 44 10 40
293 51 40 10
308 237 15 40
352 265 15 40
370 266 15 40
384 269 15 40
281 171 40 10
349 56 15 40
332 42 10 40
263 40 10 40
308 40 10 40
304 41 10 40
278 44 10 40
326 171 15 40
361 484 15 15
375 676 15 15
322 712 15 15
300 700 0 0
295 634 40 15
320 467 15 15
298 289 40 10
271 85 40 10
260 42 10 40
237 40 10 40
243 40 10 40
259 40 10 40
225 40 10 40
260 39 10 40
287 39 10 40
271 40 10 40
246 44 10 40
285 147 40 10
308 359 15 15
301 472 15 15
295 352 40 15
250 52 40 10
164 39 10 40
207 38 10 40
206 38 10 40
235 38 10 40
205 38 10 40
232 38 10 40
232 39 10 40
263 39 10 40
289 43 10 40
256 182 40 10
269 535 40 15
276 640 40 15
234 516 40 15
269 110 40 10
219 39 10 40
268 39 10 40
205 39 10 40
238 40 10 40
222 39 10 40
235 39 10 40
272 39 10 40
243 40 10 40
242 43 10 40
217 103 40 10
221 422 40 15
177 591 40 15
208 431 40 15
178 44 10 40
223 39 10 40
183 39 10 40
156 38 10 40
112 39 10 40
170 39 10 40
216 40 10 40
214 56 40 10
139 580 40 15
131 743 40 15
197 566 40 15
151 102 40 10
143 45 10 40
132 44 10 40
131 44 10 40
124 43 10 40
122 43 10 40
155 43 10 40
201 65 40 10
179 540 40 15
178 747 40 15
173 679 40 15
104 283 40 10
185 43 10 40
154 42 10 40
162 44 10 40
128 41 10 40
61 42 10 40
98 41 10 40
152 40 10 40
173 42 10 40
208 47 10 40
210 318 40 15
173 696 40 15
188 789 40 15
172 815 40 15
238 616 40 15
214 95 40 10
185 40 10 40
64 40 10 40
150 40 10 40
138 40 10 40
120 40 10 40
191 42 10 40
119 267 40 10
145 708 40 15
162 847 40 15
183 825 40 15
101 688 40 15
316 155 15 40
153 41 10 40
149 40 10 40
84 41 10 40
197 40 10 40
156 41 10 40
163 141 40 10
176 728 40 15
156 738 40 15
145 764 40 15
190 571 40 15
207 144 40 10
280 40 10 40
149 38 10 40
154 38 10 40
179 38 10 40
195 38 10 40
230 38 10 40
187 42 10 40
256 249 40 10
276 607 40 15
191 682 40 15
134 686 40 15
185 646 40 15
319 348 15 15
280 44 10 40
220 41 10 40
234 41 10 40
249 40 10 40
233 40 10 40
123 41 10 40
226 56 40 10
370 345 15 15
424 577 15 15
330 636 15 15
221 483 40 15
339 352 15 15
407 145 15 40
367 50 10 40
377 45 10 40
360 50 10 40
299 194 40 10
305 448 15 15
349 607 15 15
286 645 40 15
276 597 40 15
358 535 15 15
372 438 15 15
365 434 15 15
373 452 15 15
305 532 15 15
320 614 15 15
298 682 40 15
319 664 15 15
297 640 40 15
307 647 15 15
245 524 40 15
334 539 15 15
288 647 40 15
245 665 40 15
326 575 15 15
295 659 40 15
317 676 15 15
356 661 15 15
283 683 40 15
332 682 15 15
348 674 15 15
288 685 40 15
295 668 40 15
297 699 40 15
282 708 40 15
283 683 40 15
184 689 40 15
249 693 40 15
224 661 40 15
191 658 40 15
203 703 40 15
194 696 40 15
133 874 40 15
80 644 40 15
106 688 40 15
88 669 40 15
67 681 40 15
52 686 40 15
47 735 40 10
45 729 40 10
54 753 40 15
81 722 40 15
179 737 40 15
183 718 40 15
218 696 40 15
267 706 40 15
212 750 40 15
224 764 40 15
172 741 40 15
237 743 40 15
245 730 40 15
242 745 40 15
259 737 40 15
268 720 40 15
270 722 40 15
291 684 40 15
238 525 40 15
295 387 40 15
280 102 40 10
266 44 10 40
261 40 10 40
271 42 10 40
361 43 10 40
305 174 15 40
260 689 40 15
309 734 15 15
112 739 40 15
50 753 40 10
45 738 40 10
47 738 40 10
82 714 40 15
243 729 40 15
278 749 40 15
248 756 40 15
185 708 40 15
197 666 40 15
188 480 40 15
157 212 40 10
162 44 10 40
114 41 10 40
138 41 10 40
98 43 10 40
186 55 40 10
221 736 40 15
185 812 40 15
218 746 40 15
213 716 40 15
270 685 40 15
277 715 40 15
292 721 40 15
284 683 40 15
303 677 15 15
262 691 40 15
268 672 40 15
263 704 40 15
259 661 40 15
297 521 40 15
228 467 40 15
289 441 40 15
250 413 40 15
245 512 40 15
271 602 40 15
243 532 40 15
271 362 40 15
277 160 40 10
249 50 10 40
195 41 10 40
285 41 10 40
252 44 10 40
274 297 40 10
196 704 40 15
195 683 40 15
193 718 40 15
228 659 40 15
190 608 40 15
277 610 40 15
195 710 40 15
213 750 40 15
222 696 40 15
258 648 40 15
241 747 40 15
306 780 15 15
163 768 40 15
225 751 40 15
258 766 40 15
296 769 40 15
233 788 40 15
278 757 40 15
212 792 40 15
250 757 40 15
215 748 40 15
267 772 40 15
301 771 15 15
51 772 40 15
101 788 40 15
184 782 40 15
77 775 40 15
63 719 40 15
45 712 40 10
47 774 40 10
48 798 40 10
56 802 40 15
130 792 40 15
89 794 40 15
90 767 40 15
170 757 40 15
118 762 40 15
60 764 40 15
48 768 40 10
42 793 40 10
43 788 40 10
44 795 40 10
43 794 40 10
45 802 40 10
44 827 40 10
44 841 40 10
43 825 40 10
43 823 40 10
47 806 40 10
48 791 40 10
53 769 40 15
50 782 40 10
199 747 40 15
118 773 40 15
216 753 40 15
146 730 40 15
166 763 40 15
199 694 40 15
75 692 40 15
47 743 40 10
43 700 40 10
45 762 40 10
47 744 40 10
72 727 40 15
122 716 40 15
221 733 40 15
146 730 40 15
119 714 40 15
50 727 40 10
46 744 40 10
46 707 40 10
57 732 40 15
119 705 40 15
190 714 40 15
161 751 40 15
153 694 40 15
131 745 40 15
79 739 40 15
47 748 40 10
45 782 40 10
45 767 40 10
47 788 40 10
62 790 40 15
202 723 40 15
151 717 40 15
99 757 40 15
120 799 40 15
48 794 40 10
46 781 40 10
44 794 40 10
47 803 40 10
55 803 40 15
63 813 40 15
111 772 40 15
59 767 40 15
47 797 40 10
43 799 40 10
42 792 40 10
40 787 40 10
41 797 40 10
40 797 40 10
40 787 40 10
40 783 40 10
39 798 40 10
38 790 40 10
37 775 40 10
36 779 40 10
36 791 40 10
35 774 40 10
35 757 40 10
35 780 40 10
35 710 40 10
34 770 40 10
34 746 40 10
34 778 40 10
34 807 40 10
34 779 40 10
33 650 40 10
34 335 40 10
